NSIBLE_VAULT;1.1;AES256
34653232666463396232663237356335353237373765316362363531613965353662383633643634
3132323434333930643363643432353263366432613734340a623338613939316531353731653066
62306461336439373161336262623735303230643731333530393563613032626636373439646364
3132363538643061310a386662396337653738373465663039356264313934633832643663636636
65303664303166653364393233356162663735353035353236333461623930393230326464636336
37616237373866343431373962656135386564313439336431316466336438353162373537373066
66303236613262313164336137313931333961616531303131616333353332663034653735336333
38396134363735303436633664333539623661316532383436323835363861303563666336326166
66323834363765326665633236336437396538663932373465653863663237633965336134396338
64343964653233626565353332346439623465306536663866303237383837313432623536336634
62366263333032653530616162396437383737363031303662643364656532343835373062663339
34343138366330353132633534633835313330303132353736386339376536663561643264393132
61396133386431653661643661643965316465393962323233306431323134373761633433663836
39656137353731613463393831653365643037376461653230343363613235616662633030643661
36366233383633323262643034343539663063383562336639616531643637613865333663333639
61396363313733393566393464373134623939636164363031623730356137623639343337633137
36626335373238643466343066623036363665303733363764323564626636663939663561383735
64663934383262663037333562393231633539303830373732376131363439613766363534663932
64313261623437373634333735366635653265333233343964343732616232313633386161316130
37373331336437326534326264623135376435353637636334626435393237663838666265653933
65633238356332396566333138643332343732343735663132313437653838303733386634643462
61373332343563623865376634313837376536323937376162393133623961396139383936636237
30366366376331346635636534656365643738366637303664613062333436383432613036323237
34393131306136326666666539616461316437373862343030333066383934323037623966653538
32323736336562356662343662663534393135386261313637616263636139633235396232393930
63343038343636383430316137636338393530333138323763636238613335643363323564353536
37346562323030633138643037353736653962303861336130383538643662633337396262613236
38333833656138643734333264376430366166666530373862623863363663353537383736353037
61626637626338343136356663336335333064616663626433306239626431633061303563333636
64643465656539303534346435656139666532396534336234616631636639633134343837313165
38313133623430373133656635653764366134613231336437636266666632363833346433356337
62303532653432316330633963316334373561613134623062663431383334303433366233333966
30383334333831383262316162393738303639316561303266636137636465663666306432643130
37656331303361326136333262323563363735336165626236306234616464323962366131343530
65306333636432316166383765356162306532353535346439616432333832333064313033333961
36626538666161653466326331626531356133393034613437643661303736383265613563633731
62663334336438343937383364303931633532666262653335626265356239346661613663366239
35663539346262373262653937366566326335613566666261356233303065653432393363393565
31353933386230333561396232336337356532353766333037316363346464346664636637303765
62396134313237633937333938396239633533323334326339666433653730303038653130623637
34306161623938363537333662396136373535623433653463663339373832383230623439643532
61346631373162613366366162383936303038646165396135353330383335343566383738316539
32363733626532353734356634306533306364623738613139666637383837336464393264386237
30396537373363366164313535373836656536363035396434333762343463326238323161623032
31646435353830323338303339326635393766343162386530383137396335666336656132306135
62383639396165363362343961353239653431373761656263656636613335313131373264383732
39353739323232616132333638343962646131646339653465613137323362376461353162646664
35643834383032363639336337303133373732336261613037666139623962656138353538356238
33333635643233303965323363323463303138663039343933303538323936336437633864396232
39653535383363366238353533376433366630663339353563396534326135333835643633373538
39353864396535626538313263333439336131643263326539316234376466636164363634343162
61313135663865366663663331626436303939333665363262646361623130393465656234313831
30326162313330303036343164623337316336643563396365633262303061396361663739626132
32623833326534383832313363663265386235363937313731613032333831353132373738323138
31343466613837636230373638353236393230336539666632653364316433386135333265656566
62663861343035613836306465326639386235343630636130376136373930366665336362393433
62653237643437303936346232373336663238313730323535653763323362613964393261383235
62656162323164373864363330356537643831343836633236373866303862626136646639653237
35663664373864623036633131333233366363316564663561636333636164366437666134623839
30353537313931633938633033653439323666663833636462363661666331376333333238333730
3966
